1.002049616000022
1.0020536040000252
1.0021204070000067
1.002382993000083
1.0023976610000318
1.0024023280000165
1.002384860999996
1.0024818739999546
1.0025824809999904
1.0022245959999054
1.0022883799999818
1.0021251859999438
1.0025624139999536
1.0025504190000447
1.0024091519999274
1.0024174179999363
1.002505895000013
1.0024379650000128
1.002515973999948
1.0027679419999913
1.0022243819998948
1.0020885369999633
1.0023362370000086
1.0024933630000987
1.0025059060000103
1.002727721000042
1.0022972389999723
