1.0019445110000333
1.001945894999949
1.0022465549999424
1.0023301280000396
1.0023095349999949
1.002242170000045
1.0022527760000912
1.0024139570000443
1.002414614999907
1.0024660569999924
1.0023035890000074
1.0024944079999614
1.002446839000072
1.0024618769999734
1.0024760799999513
1.002487315000053
1.0024344359999304
1.0024781729999859
1.0024814939999942
1.0027692959999968
1.0022857890000978
1.0021463509999649
1.0024009779999687
1.002490134000027
1.002500644999941
1.0024846459999708
1.0020935910000617
