1.0022069620000593
1.0028030929998977
1.0021250940000073
1.0024725259999059
1.002385993999951
1.0024085260000675
1.002378871000019
1.0024691649999795
1.0022900820000586
1.0021389689999296
1.0021606710000697
1.0025265450000234
1.0025886640000863
1.0023459379999622
1.002628894000054
1.0023631469999827
1.0025866779999433
1.0023883289999276
1.002520296000057
1.0028014850000773
1.0015289579999944
1.0022533829999247
1.002264101000037
1.0022254439999188
1.0023492889999943
1.002196777999984
1.0020054120000168
